0.232029 0.268246 -0.124838 0.301083 0.268246 0.315431 -0.209691 0.316241 -0.124838 -0.209691 0.871124 0.229592 0.301083 0.316241 0.229592 0.581415
0.934666 0.014399 -0.167344 -0.181257 0.014399 0.183957 -0.279736 0.267688 -0.167344 -0.279736 0.448046 -0.375559 -0.181257 0.267688 -0.375559 0.433331
0.424012 -0.313459 0.126499 0.360510 -0.313459 0.240288 -0.177851 -0.229482 0.126499 -0.177851 0.868916 -0.257425 0.360510 -0.229482 -0.257425 0.466784
0.597189 -0.310329 0.116114 -0.361618 -0.310329 0.222201 0.177660 0.212039 0.116114 0.177660 0.952087 0.023908 -0.361618 0.212039 0.023908 0.228522
0.419417 -0.449031 -0.101141 -0.177900 -0.449031 0.539991 -0.127303 0.174832 -0.101141 -0.127303 0.961012 0.105035 -0.177900 0.174832 0.105035 0.079580
0.335362 -0.000341 -0.102611 0.460831 -0.000341 0.811778 0.381522 0.085061 -0.102611 0.381522 0.210606 -0.100815 0.460831 0.085061 -0.100815 0.642253
0.426851 0.232918 -0.287788 -0.327988 0.232918 0.414449 -0.375887 0.217116 -0.287788 -0.375887 0.360709 -0.080530 -0.327988 0.217116 -0.080530 0.797992
0.368209 0.019589 0.290591 0.384453 0.019589 0.513112 0.401323 -0.297295 0.290591 0.401323 0.520097 0.063976 0.384453 -0.297295 0.063976 0.598582
0.550642 0.143188 -0.288093 0.379388 0.143188 0.951317 0.047287 -0.153540 -0.288093 0.047287 0.167065 -0.232209 0.379388 -0.153540 -0.232209 0.330976
0.165236 -0.302160 0.124787 -0.176240 -0.302160 0.884251 -0.024537 -0.102218 0.124787 -0.024537 0.219277 -0.393727 -0.176240 -0.102218 -0.393727 0.731237
0.706350 0.212883 0.213740 -0.341197 0.212883 0.844697 -0.181094 0.230369 0.213740 -0.181094 0.141901 -0.208052 -0.341197 0.230369 -0.208052 0.307052
0.398093 0.398433 0.268641 -0.093261 0.398433 0.727187 -0.196633 -0.031181 0.268641 -0.196633 0.841107 -0.151042 -0.093261 -0.031181 -0.151042 0.033613
0.990969 -0.045052 -0.068215 0.047608 -0.045052 0.761655 -0.400405 0.138503 -0.068215 -0.400405 0.219040 -0.078000 0.047608 0.138503 -0.078000 0.028337
0.233288 0.203487 -0.328834 0.171249 0.203487 0.306619 -0.375363 -0.174069 -0.328834 -0.375363 0.524216 -0.019619 0.171249 -0.174069 -0.019619 0.935877
0.121941 0.153215 -0.199334 0.209435 0.153215 0.607156 -0.418375 -0.200014 -0.199334 -0.418375 0.393847 -0.154791 0.209435 -0.200014 -0.154791 0.877056
0.950996 0.094875 0.148080 -0.125194 0.094875 0.366331 -0.406595 -0.240442 0.148080 -0.406595 0.520585 0.249659 -0.125194 -0.240442 0.249659 0.162087
0.067917 -0.057348 0.181145 0.164930 -0.057348 0.299810 -0.398800 0.218159 0.181145 -0.398800 0.723566 0.090350 0.164930 0.218159 0.090350 0.908707
0.810364 -0.259376 -0.236970 0.173906 -0.259376 0.136562 -0.092463 -0.205152 -0.236970 -0.092463 0.598383 0.419066 0.173906 -0.205152 0.419066 0.454691
0.597091 0.240436 0.426247 0.032817 0.240436 0.407417 -0.035422 0.427041 0.426247 -0.035422 0.442326 -0.252453 0.032817 0.427041 -0.252453 0.553165
0.057012 0.001921 -0.097442 -0.210388 0.001921 0.002486 0.041322 -0.027728 -0.097442 0.041322 0.988236 -0.020579 -0.210388 -0.027728 -0.020579 0.952266
0.599184 -0.346344 -0.324247 -0.122771 -0.346344 0.592610 -0.282270 0.204434 -0.324247 -0.282270 0.737655 -0.093317 -0.122771 0.204434 -0.093317 0.070552
0.561377 0.350087 0.107163 0.334945 0.350087 0.461148 0.330480 -0.129278 0.107163 0.330480 0.306718 -0.303218 0.334945 -0.129278 -0.303218 0.670757
0.890543 0.165972 0.064731 -0.256397 0.165972 0.747646 -0.072633 0.394778 0.064731 -0.072633 0.014714 -0.070936 -0.256397 0.394778 -0.070936 0.347097
0.875537 -0.286905 -0.163245 -0.002844 -0.286905 0.158850 -0.064220 0.217205 -0.163245 -0.064220 0.244161 -0.392139 -0.002844 0.217205 -0.392139 0.721452
0.793409 -0.332939 -0.208822 -0.097242 -0.332939 0.358399 -0.086454 -0.334105 -0.208822 -0.086454 0.193536 0.324035 -0.097242 -0.334105 0.324035 0.654656
0.779994 0.107369 -0.354254 -0.185955 0.107369 0.889199 0.050263 0.290636 -0.354254 0.050263 0.172108 0.120269 -0.185955 0.290636 0.120269 0.158698
0.398755 0.402273 -0.213614 0.179707 0.402273 0.543589 0.117789 0.269076 -0.213614 0.117789 0.920733 0.116098 0.179707 0.269076 0.116098 0.136923
0.629573 0.447957 0.089091 -0.156871 0.447957 0.398510 -0.195180 -0.030654 0.089091 -0.195180 0.850663 -0.284611 -0.156871 -0.030654 -0.284611 0.121254
0.450371 0.149430 0.472950 -0.039062 0.149430 0.918780 -0.132054 -0.186697 0.472950 -0.132054 0.592734 0.016741 -0.039062 -0.186697 0.016741 0.038114
0.090533 -0.108384 0.232938 -0.127789 -0.108384 0.564915 0.099417 0.473450 0.232938 0.099417 0.928176 -0.050216 -0.127789 0.473450 -0.050216 0.416376
0.204268 -0.117580 -0.384171 -0.033624 -0.117580 0.793454 0.034467 -0.385839 -0.384171 0.034467 0.770526 0.167452 -0.033624 -0.385839 0.167452 0.231751
0.651797 0.034968 0.432783 -0.196046 0.034968 0.056080 0.112997 0.197342 0.432783 0.112997 0.436062 0.214109 -0.196046 0.197342 0.214109 0.856061
0.027730 -0.120173 -0.023831 0.109322 -0.120173 0.559372 0.278210 -0.393234 -0.023831 0.278210 0.813758 0.271270 0.109322 -0.393234 0.271270 0.599140
0.673898 -0.396102 0.200689 0.150287 -0.396102 0.350015 -0.127418 0.233178 0.200689 -0.127418 0.060529 0.018810 0.150287 0.233178 0.018810 0.915557
0.913038 -0.019801 0.010953 -0.280869 -0.019801 0.468292 -0.496451 -0.046244 0.010953 -0.496451 0.526415 0.052137 -0.280869 -0.046244 0.052137 0.092255
0.914691 0.170394 -0.215413 0.050935 0.170394 0.362266 0.298520 0.335978 -0.215413 0.298520 0.397702 0.322519 0.050935 0.335978 0.322519 0.325340
0.421616 -0.288436 -0.350343 -0.194731 -0.288436 0.483919 0.254913 -0.318694 -0.350343 0.254913 0.291929 0.137788 -0.194731 -0.318694 0.137788 0.802537
0.248922 0.412135 0.130059 0.013752 0.412135 0.773827 -0.071807 -0.002652 0.130059 -0.071807 0.969426 0.086992 0.013752 -0.002652 0.086992 0.007825
0.754670 0.153397 -0.179537 0.359693 0.153397 0.206484 -0.341516 -0.153897 -0.179537 -0.341516 0.573441 0.309419 0.359693 -0.153897 0.309419 0.465405
0.792649 0.352820 -0.199318 0.012127 0.352820 0.161524 -0.076795 0.071095 -0.199318 -0.076795 0.081872 0.171883 0.012127 0.071095 0.171883 0.963955
0.171366 -0.071411 -0.340760 0.144162 -0.071411 0.845695 0.134933 0.327397 -0.340760 0.134933 0.677660 -0.290021 0.144162 0.327397 -0.290021 0.305279
0.701917 -0.165677 0.378621 0.196026 -0.165677 0.770188 0.319435 -0.217969 0.378621 0.319435 0.432824 0.009728 0.196026 -0.217969 0.009728 0.095070
0.630057 -0.255411 0.347893 -0.216380 -0.255411 0.810229 0.293717 -0.047472 0.347893 0.293717 0.459542 -0.202642 -0.216380 -0.047472 -0.202642 0.100172
0.728489 0.253185 -0.091263 0.354064 0.253185 0.236749 -0.335840 -0.061708 -0.091263 -0.335840 0.633194 0.333380 0.354064 -0.061708 0.333380 0.401568
0.332776 -0.190157 0.162306 0.399416 -0.190157 0.780015 -0.319080 0.183358 0.162306 -0.319080 0.155466 0.056047 0.399416 0.183358 0.056047 0.731743
0.921653 -0.010315 0.255742 0.081842 -0.010315 0.467553 0.166214 -0.470334 0.255742 0.166214 0.132120 -0.147082 0.081842 -0.470334 -0.147082 0.478673
0.049714 0.036670 0.157924 -0.144769 0.036670 0.370442 -0.245242 -0.414399 0.157924 -0.245242 0.882706 -0.135839 -0.144769 -0.414399 -0.135839 0.697138
0.604371 -0.408733 -0.251971 0.092490 -0.408733 0.292209 0.189986 0.060542 -0.251971 0.189986 0.129336 0.114124 0.092490 0.060542 0.114124 0.974084
0.153198 0.153002 -0.194725 -0.261536 0.153002 0.883620 -0.215308 0.181846 -0.194725 -0.215308 0.248102 0.319800 -0.261536 0.181846 0.319800 0.715079
0.418287 -0.380591 -0.295927 0.104406 -0.380591 0.356339 0.224834 -0.184288 -0.295927 0.224834 0.405785 0.320937 0.104406 -0.184288 0.320937 0.819588
0.285859 -0.237517 0.012207 -0.384162 -0.237517 0.875875 -0.202427 -0.106428 0.012207 -0.202427 0.055012 0.104211 -0.384162 -0.106428 0.104211 0.783254
0.247448 0.423743 0.075456 0.031071 0.423743 0.727351 0.136368 0.012522 0.075456 0.136368 0.052947 -0.160792 0.031071 0.012522 -0.160792 0.972254
0.177423 0.088190 0.023487 -0.370965 0.088190 0.971731 -0.137760 0.026737 0.023487 -0.137760 0.027175 -0.083108 -0.370965 0.026737 -0.083108 0.823671
0.520792 0.415968 -0.117219 -0.250595 0.415968 0.344413 -0.183794 -0.137778 -0.117219 -0.183794 0.694479 -0.405780 -0.250595 -0.137778 -0.405780 0.440315
0.726913 -0.287473 0.332764 -0.071678 -0.287473 0.284452 0.082572 0.337758 0.332764 0.082572 0.420941 0.355246 -0.071678 0.337758 0.355246 0.567693
0.994569 -0.004395 -0.004129 0.073246 -0.004395 0.873022 0.325390 0.070404 -0.004129 0.325390 0.121284 0.026056 0.073246 0.070404 0.026056 0.011124
0.810052 -0.101366 0.295088 0.237730 -0.101366 0.255906 -0.252303 0.341301 0.295088 -0.252303 0.298216 -0.241970 0.237730 0.341301 -0.241970 0.635825
0.867193 0.299049 0.137626 -0.082449 0.299049 0.161149 0.061196 0.204950 0.137626 0.061196 0.025093 0.042166 -0.082449 0.204950 0.042166 0.946565
0.345687 -0.289967 -0.263512 -0.269570 -0.289967 0.660903 0.264025 -0.265180 -0.263512 0.264025 0.205296 0.154924 -0.269570 -0.265180 0.154924 0.788114
0.079435 -0.262582 0.064480 -0.004267 -0.262582 0.923001 0.012848 0.044222 0.064480 0.012848 0.980845 0.120271 -0.004267 0.044222 0.120271 0.016718
0.895254 0.269782 0.043937 0.138063 0.269782 0.081764 -0.007567 0.047316 0.043937 -0.007567 0.931655 -0.248367 0.138063 0.047316 -0.248367 0.091327
0.516032 -0.177129 -0.408778 -0.226427 -0.177129 0.865203 -0.003475 -0.291959 -0.408778 -0.003475 0.349518 0.245446 -0.226427 -0.291959 0.245446 0.269247
0.054420 0.214820 -0.055894 0.046765 0.214820 0.867100 -0.097342 0.244160 -0.055894 -0.097342 0.852707 0.336152 0.046765 0.244160 0.336152 0.225773
0.983780 0.024031 -0.122598 -0.018696 0.024031 0.420258 0.004017 0.492999 -0.122598 0.004017 0.015395 0.010574 -0.018696 0.492999 0.010574 0.580567
0.942212 0.051876 -0.225458 0.030434 0.051876 0.003060 -0.014275 -0.012466 -0.225458 -0.014275 0.070989 0.122126 0.030434 -0.012466 0.122126 0.983739
0.341920 0.207912 -0.141300 0.402266 0.207912 0.882085 -0.172332 -0.176311 -0.141300 -0.172332 0.068274 -0.118105 0.402266 -0.176311 -0.118105 0.707721
0.645784 -0.292030 -0.378768 0.000064 -0.292030 0.367219 -0.010090 -0.383387 -0.378768 -0.010090 0.362045 0.295637 0.000064 -0.383387 0.295637 0.624952
0.631736 0.011997 0.204011 0.436899 0.011997 0.942741 0.203789 -0.110934 0.204011 0.203789 0.108286 0.115801 0.436899 -0.110934 0.115801 0.317236
0.934766 0.225406 -0.052191 -0.086294 0.225406 0.210146 0.080894 0.329595 -0.052191 0.080894 0.059003 0.215068 -0.086294 0.329595 0.215068 0.796085
0.690177 0.093611 0.283301 0.353285 0.093611 0.021375 0.109649 -0.011497 0.283301 0.109649 0.700837 -0.342611 0.353285 -0.011497 -0.342611 0.587611
0.445064 0.383010 -0.237952 0.208960 0.383010 0.588342 -0.171804 -0.256871 -0.237952 -0.171804 0.131421 -0.167368 0.208960 -0.256871 -0.167368 0.835173
0.774587 -0.101246 0.404756 0.022896 -0.101246 0.662622 0.134360 -0.441872 0.404756 0.134360 0.265505 -0.114596 0.022896 -0.441872 -0.114596 0.297286
0.002131 -0.016739 0.041380 0.011554 -0.016739 0.139679 -0.297863 -0.176540 0.041380 -0.297863 0.894642 -0.061831 0.011554 -0.176540 -0.061831 0.963548
0.285263 0.422924 0.144336 -0.064735 0.422924 0.711662 0.073824 0.144514 0.144336 0.073824 0.305128 -0.430978 -0.064735 0.144514 -0.430978 0.697947
0.608916 -0.179042 0.374625 0.256392 -0.179042 0.409506 -0.252639 0.382005 0.374625 -0.252639 0.287373 -0.024885 0.256392 0.382005 -0.024885 0.694205
0.582050 -0.355563 -0.124646 -0.318286 -0.355563 0.626590 0.149795 -0.291738 -0.124646 0.149795 0.039943 -0.019306 -0.318286 -0.291738 -0.019306 0.751417
0.289308 -0.096380 0.298929 0.327049 -0.096380 0.794159 0.301772 -0.251228 0.298929 0.301772 0.520257 0.262992 0.327049 -0.251228 0.262992 0.396277
0.573307 0.484802 0.051654 0.083216 0.484802 0.444518 -0.100963 -0.041171 0.051654 -0.100963 0.610075 0.474365 0.083216 -0.041171 0.474365 0.372100
0.251131 -0.328524 -0.060969 0.276440 -0.328524 0.543713 -0.230864 -0.294725 -0.060969 -0.230864 0.861569 -0.249505 0.276440 -0.294725 -0.249505 0.343587
0.004569 0.011580 -0.008414 -0.065900 0.011580 0.999022 -0.028709 0.004297 -0.008414 -0.028709 0.015554 0.120070 -0.065900 0.004297 0.120070 0.980855
0.967443 -0.138164 -0.111390 -0.000265 -0.138164 0.376526 -0.426204 -0.184432 -0.111390 -0.426204 0.560657 0.228611 -0.000265 -0.184432 0.228611 0.095374
0.863634 0.113944 -0.319330 -0.053056 0.113944 0.015083 -0.043270 -0.000036 -0.319330 -0.043270 0.144137 -0.139705 -0.053056 -0.000036 -0.139705 0.977145
0.801701 -0.222006 0.276750 0.181932 -0.222006 0.274575 0.253539 -0.292600 0.276750 0.253539 0.607116 -0.312495 0.181932 -0.292600 -0.312495 0.316608
0.565462 0.109969 0.303405 -0.376253 0.109969 0.777860 -0.355107 -0.186009 0.303405 -0.355107 0.389491 -0.140114 -0.376253 -0.186009 -0.140114 0.267186
0.556108 0.134608 -0.444599 -0.176250 0.134608 0.161396 -0.196641 0.280286 -0.444599 -0.196641 0.416975 -0.082284 -0.176250 0.280286 -0.082284 0.865521
0.968114 0.109945 -0.094362 -0.099383 0.109945 0.178198 0.332638 -0.153971 -0.094362 0.332638 0.720628 -0.285956 -0.099383 -0.153971 -0.285956 0.133060
0.649500 -0.295849 -0.348875 -0.135683 -0.295849 0.149768 0.103998 0.170281 -0.348875 0.103998 0.388334 -0.324040 -0.135683 0.170281 -0.324040 0.812399
0.813881 -0.243920 -0.189467 -0.236820 -0.243920 0.105051 -0.095118 0.159597 -0.189467 -0.095118 0.766331 -0.366227 -0.236820 0.159597 -0.366227 0.314736
0.136858 -0.254370 -0.192009 0.128672 -0.254370 0.916013 -0.100688 -0.045730 -0.192009 -0.100688 0.741743 -0.380204 0.128672 -0.045730 -0.380204 0.205386
0.716002 0.360786 -0.236145 -0.131955 0.360786 0.535203 0.253618 0.232964 -0.236145 0.253618 0.470737 0.359245 -0.131955 0.232964 0.359245 0.278057
0.122602 0.291996 0.138698 -0.055423 0.291996 0.699667 0.346540 -0.069149 0.138698 0.346540 0.219000 0.178078 -0.055423 -0.069149 0.178078 0.958732
0.142455 0.080684 0.313498 -0.131799 0.080684 0.720434 0.200619 0.393257 0.313498 0.200619 0.690696 -0.274055 -0.131799 0.393257 -0.274055 0.446415
0.272181 -0.130129 0.276110 0.323926 -0.130129 0.971758 -0.005157 0.102392 0.276110 -0.005157 0.297787 0.364482 0.323926 0.102392 0.364482 0.458274
0.285570 0.140799 -0.337827 0.264704 0.140799 0.884794 0.217332 0.186751 -0.337827 0.217332 0.580393 -0.286664 0.264704 0.186751 -0.286664 0.249243
0.709513 -0.418870 -0.166326 0.054660 -0.418870 0.344603 -0.065742 0.214657 -0.166326 -0.065742 0.315144 -0.428768 0.054660 0.214657 -0.428768 0.630740
0.544026 -0.039317 -0.452131 0.205166 -0.039317 0.011907 -0.007142 -0.100838 -0.452131 -0.007142 0.550650 0.207270 0.205166 -0.100838 0.207270 0.893418
0.905202 0.259628 0.053920 0.124487 0.259628 0.119733 0.154443 -0.118900 0.053920 0.154443 0.429903 -0.467254 0.124487 -0.118900 -0.467254 0.545162
0.519691 0.069786 -0.113492 0.481520 0.069786 0.496512 -0.481360 -0.115802 -0.113492 -0.481360 0.470791 0.067520 0.481520 -0.115802 0.067520 0.513006
0.992670 0.055198 0.054788 0.035042 0.055198 0.565086 -0.325258 -0.370033 0.054788 -0.325258 0.194804 0.219229 0.035042 -0.370033 0.219229 0.247440
0.602171 0.382944 -0.096691 0.289078 0.382944 0.606018 -0.063058 -0.296880 -0.096691 -0.063058 0.015532 -0.044336 0.289078 -0.296880 -0.044336 0.776279
