0.278606 -0.328269 0.284822 -0.110002 -0.328269 0.418084 -0.365753 -0.041882 0.284822 -0.365753 0.320238 0.052793 -0.110002 -0.041882 0.052793 0.983072
0.324459 0.283569 -0.371549 -0.026926 0.283569 0.656194 0.012831 -0.380825 -0.371549 0.012831 0.704503 -0.264510 -0.026926 -0.380825 -0.264510 0.314845
0.471264 -0.053813 0.448855 0.211677 -0.053813 0.979978 -0.006806 0.129147 0.448855 -0.006806 0.429541 0.208610 0.211677 0.129147 0.208610 0.119217
0.519254 0.334965 0.335682 0.157307 0.334965 0.229875 0.254467 -0.008818 0.335682 0.254467 0.321269 -0.201542 0.157307 -0.008818 -0.201542 0.929602
0.562094 0.267627 -0.197828 -0.367946 0.267627 0.261954 0.237414 -0.255626 -0.197828 0.237414 0.887000 -0.068775 -0.367946 -0.255626 -0.068775 0.288952
0.399405 -0.315884 -0.278405 0.250177 -0.315884 0.573885 0.270625 0.267433 -0.278405 0.270625 0.201913 -0.101965 0.250177 0.267433 -0.101965 0.824798
0.193918 -0.091601 0.126298 0.363279 -0.091601 0.577808 0.437687 -0.209726 0.126298 0.437687 0.545000 0.201131 0.363279 -0.209726 0.201131 0.683275
0.491814 -0.484639 -0.067471 -0.102497 -0.484639 0.480620 0.104815 0.061345 -0.067471 0.104815 0.490750 -0.484124 -0.102497 0.061345 -0.484124 0.536816
0.659188 0.200578 -0.407024 0.136964 0.200578 0.128798 -0.014329 0.267903 -0.407024 -0.014329 0.428325 0.281050 0.136964 0.267903 0.281050 0.783689
0.706870 -0.190315 -0.408994 0.060905 -0.190315 0.383169 0.024620 0.446682 -0.408994 0.024620 0.258664 -0.154516 0.060905 0.446682 -0.154516 0.651297
0.335329 -0.078355 -0.460668 0.067295 -0.078355 0.018363 0.108699 -0.008431 -0.460668 0.108699 0.653397 0.049384 0.067295 -0.008431 0.049384 0.992911
0.715311 0.390694 0.195190 -0.113578 0.390694 0.394789 -0.052166 0.289080 0.195190 -0.052166 0.192240 -0.338324 -0.113578 0.289080 -0.338324 0.697661
0.405038 -0.360635 0.198777 -0.267231 -0.360635 0.402124 -0.331941 0.013330 0.198777 -0.331941 0.393900 0.298405 -0.267231 0.013330 0.298405 0.798938
0.020170 0.025176 0.123764 0.061741 0.025176 0.159373 -0.015111 0.364844 0.123764 -0.015111 0.984198 -0.002594 0.061741 0.364844 -0.002594 0.836259
0.136962 0.151235 -0.164290 -0.261419 0.151235 0.864539 0.260308 -0.162723 -0.164290 0.260308 0.476790 0.393332 -0.261419 -0.162723 0.393332 0.521709
0.378891 -0.141243 -0.187261 -0.424637 -0.141243 0.156161 0.334325 0.007217 -0.187261 0.334325 0.768530 -0.176215 -0.424637 0.007217 -0.176215 0.696417
0.898549 -0.014500 0.210046 -0.216400 -0.014500 0.444708 -0.344737 -0.357616 0.210046 -0.344737 0.311248 0.226738 -0.216400 -0.357616 0.226738 0.345494
0.212289 -0.167209 0.315480 0.199339 -0.167209 0.861830 0.188340 -0.235900 0.315480 0.188340 0.730178 0.249036 0.199339 -0.235900 0.249036 0.195703
0.825070 0.219320 -0.232006 -0.205915 0.219320 0.072259 0.023312 -0.135620 -0.232006 0.023312 0.582618 -0.434516 -0.205915 -0.135620 -0.434516 0.520053
0.857933 -0.204157 0.120964 -0.256069 -0.204157 0.387065 -0.291147 -0.332865 0.120964 -0.291147 0.220415 0.269134 -0.256069 -0.332865 0.269134 0.534587
0.445194 0.045172 -0.075648 -0.489115 0.045172 0.913777 0.276866 -0.009668 -0.075648 0.276866 0.101904 0.095617 -0.489115 -0.009668 0.095617 0.539125
0.569114 -0.187868 0.362055 -0.280794 -0.187868 0.228857 0.159151 0.340379 0.362055 0.159151 0.695779 0.235070 -0.280794 0.340379 0.235070 0.506251
0.895254 0.269782 0.043937 0.138063 0.269782 0.081764 -0.007567 0.047316 0.043937 -0.007567 0.931655 -0.248367 0.138063 0.047316 -0.248367 0.091327
0.635024 0.435875 0.203325 0.020984 0.435875 0.306365 0.115795 0.095446 0.203325 0.115795 0.143715 -0.261364 0.020984 0.095446 -0.261364 0.914896
0.909079 0.139003 -0.058816 0.244690 0.139003 0.585246 -0.311327 -0.355650 -0.058816 -0.311327 0.165875 0.194875 0.244690 -0.355650 0.194875 0.339801
0.192481 0.153042 -0.009018 -0.363220 0.153042 0.389669 0.423783 -0.186582 -0.009018 0.423783 0.693451 0.181392 -0.363220 -0.186582 0.181392 0.724400
0.294078 0.019362 -0.380622 -0.249696 0.019362 0.849456 -0.190733 0.301872 -0.380622 -0.190733 0.524996 0.261004 -0.249696 0.301872 0.261004 0.331470
0.754669 -0.246465 -0.158476 0.315093 -0.246465 0.099518 -0.075685 -0.152120 -0.158476 -0.075685 0.886944 0.263498 0.315093 -0.152120 0.263498 0.258868
0.710913 0.075831 0.337433 0.293094 0.075831 0.934678 0.053772 -0.228939 0.337433 0.053772 0.160503 0.134124 0.293094 -0.228939 0.134124 0.193906
0.773665 0.342026 -0.045365 -0.236787 0.342026 0.157141 0.056522 -0.110776 -0.045365 0.056522 0.990464 -0.064752 -0.236787 -0.110776 -0.064752 0.078731
0.936272 0.129684 0.127117 0.163372 0.129684 0.097235 -0.222480 0.146510 0.127117 -0.222480 0.744392 -0.353010 0.163372 0.146510 -0.353010 0.222101
0.520979 -0.271558 -0.397668 0.132952 -0.271558 0.840959 -0.244860 0.006875 -0.397668 -0.244860 0.595836 -0.150729 0.132952 0.006875 -0.150729 0.042226
0.917331 -0.093766 -0.257567 -0.026501 -0.093766 0.616010 -0.147460 -0.453878 -0.257567 -0.147460 0.122123 0.138288 -0.026501 -0.453878 0.138288 0.344537
0.131537 0.302453 0.020241 -0.149493 0.302453 0.893099 0.032456 0.054240 0.020241 0.032456 0.004119 -0.051366 -0.149493 0.054240 -0.051366 0.971245
0.745320 -0.158853 -0.113965 -0.389353 -0.158853 0.509504 -0.472749 0.034409 -0.113965 -0.472749 0.536818 0.110295 -0.389353 0.034409 0.110295 0.208358
0.602644 0.104359 -0.370910 -0.301660 0.104359 0.953732 0.180010 -0.028856 -0.370910 0.180010 0.292040 0.191767 -0.301660 -0.028856 0.191767 0.151584
0.477306 -0.195482 -0.405787 0.215890 -0.195482 0.086686 0.125620 -0.158676 -0.405787 0.125620 0.593400 0.246643 0.215890 -0.158676 0.246643 0.842608
0.050181 0.205505 0.044286 -0.058904 0.205505 0.900494 -0.052168 -0.211308 0.044286 -0.052168 0.964987 -0.170601 -0.058904 -0.211308 -0.170601 0.084338
0.730040 0.389303 -0.035590 -0.210377 0.389303 0.317485 -0.222199 0.125535 -0.035590 -0.222199 0.377571 -0.429385 -0.210377 0.125535 -0.429385 0.574904
0.670744 -0.273456 0.185297 0.334265 -0.273456 0.213269 -0.296899 0.069697 0.185297 -0.296899 0.532587 -0.355604 0.334265 0.069697 -0.355604 0.583400
0.752420 -0.143722 -0.406077 0.027015 -0.143722 0.072841 0.047796 -0.211175 -0.406077 0.047796 0.238683 0.120544 0.027015 -0.211175 0.120544 0.936055
0.425868 0.437969 0.146275 -0.176894 0.437969 0.651401 -0.004329 0.187729 0.146275 -0.004329 0.169407 -0.345389 -0.176894 0.187729 -0.345389 0.753324
0.093411 0.008112 0.178244 -0.229888 0.008112 0.059820 -0.171906 -0.163169 0.178244 -0.171906 0.934102 0.015266 -0.229888 -0.163169 0.015266 0.912667
0.513429 -0.256385 0.302021 -0.304745 -0.256385 0.671937 -0.190089 -0.344341 0.302021 -0.190089 0.180497 -0.143413 -0.304745 -0.344341 -0.143413 0.634136
0.584046 0.145932 0.464714 0.075371 0.145932 0.794401 -0.173134 0.334749 0.464714 -0.173134 0.480149 -0.060591 0.075371 0.334749 -0.060591 0.141404
0.602088 0.088876 0.207283 0.434411 0.088876 0.650600 -0.440753 0.158612 0.207283 -0.440753 0.419877 0.079693 0.434411 0.158612 0.079693 0.327436
0.582050 -0.355563 -0.124646 -0.318286 -0.355563 0.626590 0.149795 -0.291738 -0.124646 0.149795 0.039943 -0.019306 -0.318286 -0.291738 -0.019306 0.751417
0.376305 0.067059 0.285480 -0.385622 0.067059 0.578413 -0.389414 -0.296162 0.285480 -0.389414 0.558792 -0.115766 -0.385622 -0.296162 -0.115766 0.486490
0.501103 -0.289379 0.401339 0.072014 -0.289379 0.816164 0.199565 0.162708 0.401339 0.199565 0.608080 0.193441 0.072014 0.162708 0.193441 0.074652
0.839592 -0.124138 0.267381 0.218574 -0.124138 0.603355 0.405292 -0.244225 0.267381 0.405292 0.423391 -0.091524 0.218574 -0.244225 -0.091524 0.133663
0.539125 0.196959 0.417611 -0.187823 0.196959 0.261373 -0.078951 -0.384748 0.417611 -0.078951 0.606459 0.240903 -0.187823 -0.384748 0.240903 0.593043
0.813881 -0.243920 -0.189467 -0.236820 -0.243920 0.105051 -0.095118 0.159597 -0.189467 -0.095118 0.766331 -0.366227 -0.236820 0.159597 -0.366227 0.314736
0.540910 0.176429 0.455063 -0.100581 0.176429 0.102640 0.087127 -0.231056 0.455063 0.087127 0.466175 0.184884 -0.100581 -0.231056 0.184884 0.890275
0.738217 0.363886 -0.033355 0.244391 0.363886 0.473210 -0.096462 -0.327970 -0.033355 -0.096462 0.023299 0.111079 0.244391 -0.327970 0.111079 0.765274
0.244007 -0.312096 0.294849 -0.011291 -0.312096 0.534517 -0.222200 0.319424 0.294849 -0.222200 0.533643 0.335499 -0.011291 0.319424 0.335499 0.687833
0.488789 0.497989 0.013986 -0.041055 0.497989 0.511914 -0.042759 -0.006042 0.013986 -0.042759 0.714478 -0.449417 -0.041055 -0.006042 -0.449417 0.284819
0.424467 -0.246843 -0.010851 0.428072 -0.246843 0.891162 0.049747 0.183265 -0.010851 0.049747 0.002801 0.014169 0.428072 0.183265 0.014169 0.681571
0.603799 0.155620 -0.450834 0.108429 0.155620 0.618272 -0.033731 -0.458973 -0.450834 -0.033731 0.348383 -0.150410 0.108429 -0.458973 -0.150410 0.429546
0.848226 0.153687 -0.289611 0.145753 0.153687 0.675106 0.386262 0.215684 -0.289611 0.386262 0.396273 0.078533 0.145753 0.215684 0.078533 0.080395
0.437743 0.419067 0.262484 0.040116 0.419067 0.558682 0.045807 -0.262376 0.262484 0.045807 0.425474 0.416473 0.040116 -0.262376 0.416473 0.578101
0.283584 0.023722 -0.162423 -0.419786 0.023722 0.446155 0.457742 -0.192381 -0.162423 0.457742 0.593175 0.073551 -0.419786 -0.192381 0.073551 0.677087
0.269528 0.287869 -0.037623 -0.335558 0.287869 0.318901 -0.144349 -0.336895 -0.037623 -0.144349 0.953428 -0.148832 -0.335558 -0.336895 -0.148832 0.458143
0.543412 0.136620 -0.455424 -0.148456 0.136620 0.340836 -0.171682 0.420151 -0.455424 -0.171682 0.392352 0.039065 -0.148456 0.420151 0.039065 0.723400
0.262018 -0.381438 0.113441 0.187086 -0.381438 0.654929 0.133569 -0.250323 0.113441 0.133569 0.944600 0.147042 0.187086 -0.250323 0.147042 0.138453
0.579048 0.279008 0.280223 0.295603 0.279008 0.788874 -0.058200 -0.292095 0.280223 -0.058200 0.192660 0.271348 0.295603 -0.292095 0.271348 0.439419
0.445591 -0.057542 0.006424 -0.493647 -0.057542 0.699962 0.454513 -0.011052 0.006424 0.454513 0.299482 -0.056297 -0.493647 -0.011052 -0.056297 0.554964
0.465321 0.158234 0.434646 0.186661 0.158234 0.379616 0.227533 -0.398370 0.434646 0.227533 0.425504 0.061335 0.186661 -0.398370 0.061335 0.729559
0.481472 -0.234773 -0.314264 -0.309478 -0.234773 0.677502 -0.337616 0.222238 -0.314264 -0.337616 0.633064 0.139812 -0.309478 0.222238 0.139812 0.207962
0.084001 -0.072930 -0.256393 0.076738 -0.072930 0.874997 -0.081734 -0.312054 -0.256393 -0.081734 0.896688 -0.142201 0.076738 -0.312054 -0.142201 0.144314
0.344892 0.409883 0.237680 0.038022 0.409883 0.579929 0.164854 -0.220069 0.237680 0.164854 0.312847 0.362361 0.038022 -0.220069 0.362361 0.762333
0.349751 -0.424170 0.144993 -0.162733 -0.424170 0.651952 0.164034 0.141715 0.144993 0.164034 0.900067 -0.204978 -0.162733 0.141715 -0.204978 0.098230
0.652046 0.466377 0.093396 0.025529 0.466377 0.347525 0.027336 -0.092177 0.093396 0.027336 0.125039 0.316124 0.025529 -0.092177 0.316124 0.875390
0.068684 0.152173 0.047897 -0.196254 0.152173 0.337184 0.111987 -0.433351 0.047897 0.111987 0.975035 0.097503 -0.196254 -0.433351 0.097503 0.619097
0.873462 -0.304357 0.077018 -0.109367 -0.304357 0.107353 0.004233 0.056369 0.077018 0.004233 0.749083 0.426624 -0.109367 0.056369 0.426624 0.270101
0.346574 -0.458199 0.124251 0.032800 -0.458199 0.653339 0.032528 -0.124429 0.124251 0.032528 0.858818 -0.323657 0.032800 -0.124429 -0.323657 0.141269
0.078238 -0.087991 -0.229532 0.108118 -0.087991 0.105515 0.221719 -0.193596 -0.229532 0.221719 0.875857 0.082990 0.108118 -0.193596 0.082990 0.940390
0.766815 -0.400894 -0.017548 0.133364 -0.400894 0.250329 0.148007 0.071010 -0.017548 0.148007 0.473514 0.476534 0.133364 0.071010 0.476534 0.509342
0.099308 0.211001 -0.072164 0.199290 0.211001 0.481543 -0.307687 0.332365 -0.072164 -0.307687 0.769582 0.278292 0.199290 0.332365 0.278292 0.649567
0.320608 -0.108288 -0.241310 0.384528 -0.108288 0.052554 -0.026684 -0.193271 -0.241310 -0.026684 0.914141 0.139802 0.384528 -0.193271 0.139802 0.712698
0.296818 0.250095 0.002256 -0.382314 0.250095 0.399460 -0.370131 -0.200867 0.002256 -0.370131 0.733367 -0.241947 -0.382314 -0.200867 -0.241947 0.570356
0.582275 0.271731 -0.105199 0.397903 0.271731 0.614929 -0.336131 -0.223539 -0.105199 -0.336131 0.187798 0.168757 0.397903 -0.223539 0.168757 0.614999
0.170090 0.216788 0.135861 -0.275143 0.216788 0.380097 -0.124747 -0.416010 0.135861 -0.124747 0.963615 -0.032268 -0.275143 -0.416010 -0.032268 0.486198
0.214514 -0.023077 -0.389655 0.127020 -0.023077 0.830042 -0.118571 -0.355641 -0.389655 -0.118571 0.738915 -0.164406 0.127020 -0.355641 -0.164406 0.216529
0.374869 -0.189056 -0.302090 0.327631 -0.189056 0.149061 0.301806 0.003567 -0.302090 0.301806 0.659275 0.205636 0.327631 0.003567 0.205636 0.816795
0.102124 0.079789 -0.235449 -0.172894 0.079789 0.070645 -0.128421 -0.206873 -0.235449 -0.128421 0.914075 -0.081325 -0.172894 -0.206873 -0.081325 0.913156
0.526978 -0.309713 0.193457 -0.340477 -0.309713 0.780923 0.010808 -0.273940 0.193457 0.010808 0.096903 -0.223540 -0.340477 -0.273940 -0.223540 0.595196
0.435472 -0.129376 0.190824 0.438958 -0.129376 0.050680 -0.156180 -0.083554 0.190824 -0.156180 0.892041 -0.188409 0.438958 -0.083554 -0.188409 0.621806
0.139496 0.328528 0.026207 -0.106860 0.328528 0.806966 0.183064 -0.119701 0.026207 0.183064 0.447837 0.461606 -0.106860 -0.119701 0.461606 0.605701
0.011677 0.009189 -0.102689 0.030183 0.009189 0.978367 0.040123 0.139536 -0.102689 0.040123 0.918131 -0.251022 0.030183 0.139536 -0.251022 0.091825
0.702606 -0.213951 0.070676 0.397719 -0.213951 0.100380 0.162326 -0.134829 0.070676 0.162326 0.966538 -0.031587 0.397719 -0.134829 -0.031587 0.230477
0.996112 -0.017388 0.057672 -0.015634 -0.017388 0.017510 -0.030174 -0.126454 0.057672 -0.030174 0.052780 0.213911 -0.015634 -0.126454 0.213911 0.933598
0.944500 0.187779 0.014719 -0.130163 0.187779 0.043333 -0.074303 -0.025955 0.014719 -0.074303 0.994228 -0.001040 -0.130163 -0.025955 -0.001040 0.017939
0.561476 0.075494 -0.211991 -0.442246 0.075494 0.762598 -0.353346 0.224698 -0.211991 -0.353346 0.220279 0.044298 -0.442246 0.224698 0.044298 0.455647
0.980165 0.128906 0.049303 0.019840 0.128906 0.157318 -0.283636 -0.188422 0.049303 -0.283636 0.602128 0.395840 0.019840 -0.188422 0.395840 0.260388
0.639285 -0.308209 -0.327596 0.168190 -0.308209 0.333565 -0.142416 -0.327146 -0.327596 -0.142416 0.655582 0.313357 0.168190 -0.327146 0.313357 0.371568
0.364378 -0.179327 -0.092149 -0.436986 -0.179327 0.155385 -0.203647 0.240020 -0.092149 -0.203647 0.946895 0.017932 -0.436986 0.240020 0.017932 0.533342
0.113296 0.081485 -0.094539 0.291346 0.081485 0.624245 -0.470772 -0.079355 -0.094539 -0.470772 0.365695 -0.037395 0.291346 -0.079355 -0.037395 0.896765
0.128495 0.286696 -0.157790 -0.069940 0.286696 0.894606 0.076838 -0.078656 -0.157790 0.076838 0.915336 0.216088 -0.069940 -0.078656 0.216088 0.061562
0.608223 0.442090 0.014866 0.206454 0.442090 0.496098 0.053790 -0.227262 0.014866 0.053790 0.010936 -0.087760 0.206454 -0.227262 -0.087760 0.884743
0.209254 -0.276745 0.282982 -0.093810 -0.276745 0.801636 0.099881 0.269169 0.282982 0.099881 0.898723 0.031064 -0.093810 0.269169 0.031064 0.090387
